%BTO Heron ring-recoveries 
%for year = 1955 to 1997
%   format year, number ringed, 43 * yearly recovery
%
 1955  348 33  5  0  0  3  4  0  0  1  0  0  0  0  0  0  0  0  0  0  0  0  0  0  0  0  0  0  0  0  0  0  0  0  0  0  0  0  0  0  0  0  0  0
 1956  141  0 17  6  4  2  1  1  1  0  0  0  0  0  0  0  0  0  0  0  0  0  0  0  0  0  0  0  0  0  0  0  0  0  0  0  0  0  0  0  0  0  0  0
 1957  265  0  0 31 12  2  2  3  2  0  0  0  0  0  0  0  0  1  1  0  0  0  0  0  0  0  0  0  0  0  0  0  0  0  0  0  0  0  0  0  0  0  0  0
 1958   80  0  0  0 12  3  2  1  1  0  1  0  0  0  0  0  0  0  0  0  0  0  0  0  0  0  0  0  0  0  0  0  0  0  0  0  0  0  0  0  0  0  0  0
 1959  335  0  0  0  0 34 22  7  7  1  2  1  2  0  0  0  0  0  0  0  0  0  0  0  0  0  0  0  0  0  0  0  0  0  0  0  0  0  0  0  0  0  0  0
 1960   98  0  0  0  0  0  5  6  4  0  2  0  0  0  0  1  0  0  0  0  0  0  0  0  0  0  0  0  0  0  0  0  0  0  0  0  0  0  0  0  0  0  0  0
 1961  170  0  0  0  0  0  0 23  7  2  1  1  0  0  0  0  0  0  0  0  0  0  0  0  0  0  0  0  0  0  0  0  0  0  0  0  0  0  0  0  0  0  0  0
 1962  115  0  0  0  0  0  0  0  7  0  0  0  0  0  0  0  0  0  0  0  0  0  0  0  0  0  0  0  0  0  0  0  0  0  0  0  0  0  0  0  0  0  0  0
 1963   45  0  0  0  0  0  0  0  0  3  2  1  0  1  0  0  0  0  0  1  0  0  0  0  0  0  0  0  0  0  0  0  0  0  0  0  0  0  0  0  0  0  0  0
 1964  117  0  0  0  0  0  0  0  0  0  7  2  0  0  0  0  0  0  1  0  0  1  0  0  0  0  0  0  0  0  0  0  0  0  0  0  0  0  0  0  0  0  0  0
 1965  137  0  0  0  0  0  0  0  0  0  0  7  1  1  0  0  1  0  0  0  3  1  0  0  0  0  0  1  0  0  0  0  0  0  0  0  0  0  0  0  0  0  0  0
 1966  131  0  0  0  0  0  0  0  0  0  0  0  1  9  3  1  1  0  2  0  0  0  0  1  0  0  0  0  0  1  0  0  0  0  0  0  0  0  0  0  0  0  0  0
 1967  371  0  0  0  0  0  0  0  0  0  0  0  0 32  9  5  4  1  2  1  0  2  0  1  1  0  0  0  0  1  0  0  0  0  0  0  0  0  0  0  0  0  0  0
 1968  379  0  0  0  0  0  0  0  0  0  0  0  0  0 35 11  2  0  4  0  2  1  1  0  0  0  0  0  0  0  0  0  0  0  0  0  0 0  0  0  0  0  0  0
 1969  503  0  0  0  0  0  0  0  0  0  0  0  0  0  0 53 18  6  0  0  1  2  0  3  0  0  0  0  0  0  1  0  1  0  0  0  0  0  0  0  0  0  0  0
 1970  476  0  0  0  0  0  0  0  0  0  0  0  0  0  0  0 39 16  8  6  3  3  2  3  1  2  0  0  0  0  0  0  0  0  0  0  0  0  0  0  0  0  0  0
 1971  446  0  0  0  0  0  0  0  0  0  0  0  0  0  0  0  0 31 17  4  6  1  2  0  0  0  0  0  0  0  0  0  2  0  0  0  0  0  1  0  0  0  0  0
 1972  282  0  0  0  0  0  0  0  0  0  0  0  0  0  0  0  0  0 23 14  4  0  1  1  0  0  2  0  0  0  0  0  0  0  0  0  0  0  0  0  0  0  0  0
 1973  236  0  0  0  0  0  0  0  0  0  0  0  0  0  0  0  0  0  0 32  5  4  2  0  0  1  0  1  0  0  0  0  0  0  0  0  0  0  0  0  0  0  0  0
 1974  282  0  0  0  0  0  0  0  0  0  0  0  0  0  0  0  0  0  0  0 21  6  4  2  1  3  1  0  0  0  0  0  0  0  0  0  0  0  0  0  0  0  0  0
 1975  450  0  0  0  0  0  0  0  0  0  0  0  0  0  0  0  0  0  0  0  0 30  7  3  0  1  0  0  1  1  0  1  0  0  0  1  0  0  0  0  0  0  0  0
 1976  589  0  0  0  0  0  0  0  0  0  0  0  0  0  0  0  0  0  0  0  0  0 49  7  4  1  1  0  1  1  0  0  0  0  0  1  0  0  0  0  0  0  0  0
 1977  464  0  0  0  0  0  0  0  0  0  0  0  0  0  0  0  0  0  0  0  0  0  0 33 13  5  2  1  1  0  0  0  0  0  0  1  0  0  0  0  0  0  1  0
 1978  237  0  0  0  0  0  0  0  0  0  0  0  0  0  0  0  0  0  0  0  0  0  0  0 20  4  0  2  2  0  0  0  0  0  0  0  0  0  0  0  0  0  0  0
 1979  434  0  0  0  0  0  0  0  0  0  0  0  0  0  0  0  0  0  0  0  0  0  0  0  0 32 13 12  0  2  4  1  0  0  0  0  0  0  0  1  1  0  0  0
 1980  648  0  0  0  0  0  0  0  0  0  0  0  0  0  0  0  0  0  0  0  0  0  0  0  0  0 35 13  7  0  2  1  0  1  0  0  0  0  0  0  0  0  1  0
 1981  740  0  0  0  0  0  0  0  0  0  0  0  0  0  0  0  0  0  0  0  0  0  0  0  0  0  0 44  5  6  1  0  0  0  0  1  0  0  2  0  0  0  0  0
 1982 1014  0  0  0  0  0  0  0  0  0  0  0  0  0  0  0  0  0  0  0  0  0  0  0  0  0  0  0 41 11  3  5  5  5  1  0  1  2  0  0  1  0  1  0
 1983  777  0  0  0  0  0  0  0  0  0  0  0  0  0  0  0  0  0  0  0 0  0  0  0  0  0  0  0  0 30  6  7  1  2  3  1  1  0  0  1  0  0  0  0
 1984 1110  0  0  0  0  0  0  0  0  0  0  0  0  0  0  0  0  0  0  0  0  0  0  0  0  0  0  0  0  0 59 22  9  1  1  0  0  1  1  0  1  0  1  0
 1985  814  0  0  0  0  0  0  0  0  0  0  0  0  0  0  0  0  0  0  0  0  0  0  0  0  0  0  0  0  0  0 50 10  2  3  0  0  3  0  1  1  0  0  0
 1986  732  0  0  0  0  0  0  0  0  0  0  0  0  0  0  0  0  0  0  0  0  0  0  0  0  0  0  0  0  0  0  0 24 11  2  3  2  1  0  0  1  0  0  0
 1987  578  0  0  0  0  0  0  0  0  0  0  0  0  0  0  0  0  0  0  0  0  0  0  0  0  0  0  0  0  0  0  0  0 20  6  3  3  3  1  0  0  1  1  1
 1988  498  0  0  0  0  0  0  0  0  0  0  0  0  0  0  0  0  0  0  0  0  0  0  0  0  0  0  0  0  0  0  0  0  0 11  8  5  2  2  0  1  1  0  1
 1989  527  0  0  0  0  0  0  0  0  0  0  0  0  0  0  0  0  0  0  0  0  0  0  0  0  0  0  0  0  0  0  0  0  0  0 18 12  1  4  2  1  3  0  2
 1990  596  0  0  0  0  0  0  0  0  0  0  0  0  0  0  0  0  0  0  0  0  0  0  0  0  0  0  0  0  0  0  0  0  0  0  0 28  5  2  3  0  2  0  0
 1991  492  0  0  0  0  0  0  0  0  0  0  0  0  0  0  0  0  0  0  0  0  0  0  0  0  0  0  0  0  0  0  0  0  0  0  0  0 10  6  3  0  1  1  0
 1992  565  0  0  0  0  0  0  0  0  0  0  0  0  0  0  0  0  0  0  0  0  0  0  0  0  0  0  0  0  0  0  0  0  0  0  0  0  0 21  2  0  0  0  1
 1993  572  0  0  0  0  0  0  0  0  0  0  0  0  0  0  0  0  0  0  0  0  0  0  0  0  0  0  0  0  0  0  0  0  0  0  0  0  0  0 26  5  2  1  1
 1994  576  0  0  0  0  0  0  0  0  0  0  0  0  0  0  0  0  0  0  0  0  0  0  0  0  0  0  0  0  0  0  0  0  0  0  0  0  0  0  0 20  6  3  1
 1995  683  0  0  0  0  0  0  0  0  0  0  0  0  0  0  0  0  0  0  0  0  0  0  0  0  0  0  0  0  0  0  0  0  0  0  0  0  0  0  0  0 23  5  2
 1996  510  0  0  0  0  0  0  0  0  0  0  0  0  0  0  0  0  0  0  0  0  0  0  0  0  0  0  0  0  0  0  0  0  0  0  0  0  0  0  0  0  0 16  0
 1997  718  0  0  0  0  0  0  0  0  0  0  0  0  0  0  0  0  0  0  0  0  0  0  0  0  0  0  0  0  0  0  0  0  0  0  0  0  0  0  0  0  0  0 18





%BTO Lapwing ring-recoveries
%for year = 1963 to 1997
%   format year, number ringed, 35 * yearly recovery
%
 1963 1147   13    4    1    2    1    0    0    1    0    0    0    1    0    0    0    0    0    0    0    0    0    0    0    0    0    0    0    0    0    0    0    0    0    0    0
 1964 1285    0   16    4    3    0    1    1    0    0    0    0    0    1    0    0    0    0    0    0    0    0    0    0    0    0    0    0    0    0    0    0    0    0    0    0
 1965 1106    0    0   11    1    1    1    0    2    1    1    1    1    2    0    0    1    0    0    1    0    0    0    0    0    0    0    0    0    0    0    0    0    0    0    0
 1966 1615    0    0    0   10    4    2    1    1    1    0    0    0    0    0    0    0    1    0    0    0    0    0    0    0    0    0    0    0    0    0    0    0    0    0    0
 1967 1618    0    0    0    0   11    1    5    0    0    0    1    1    1    1    1    0    0    0    0    0    0    0    0    0    0    0    0    0    0    0    0    0    0    0    0
 1968 2120    0    0    0    0    0    9    5    4    0    2    2    2    1    2    0    1    0    0    1    0    0    0    0    0    0    0    0    0    0    0    0    0    0    0    0
 1969 2003    0    0    0    0    0    0   11    9    4    3    1    1    1    3    2    2    1    0    0    0    0    1    0    0    0    0    0    0    0    0    0    0    0    0    0
 1970 1963    0    0    0    0    0    0    0    8    4    2    0    0    0    1    2    3    0    0    0    0    0    1    0    0    0    0    0    0    0    0    0    0    0    0    0
 1971 2463    0    0    0    0    0    0    0    0    4    1    1    2    2    1    3    3    0    2    0    0    0    0    0    0    0    0    0    0    0    0    0    0    0    0    0
 1972 3092    0    0    0    0    0    0    0    0    0    8    2    2    2    6    1    5    2    1    3    1    1    1    2    0    0    0    0    0    0    0    0    0    0    0    0
 1973 3442    0    0    0    0    0    0    0    0    0    0   16    1    1   1    2    3    2    0    1    1    1    1    0    0    0    0    0    0    0    0    0    0    0    0    0
 1974 3945    0    0    0    0    0    0    0    0    0    0    0   13    4    4    7    3    1    1    1    1    0    0    2    1    0    0    0    0    0    0    0    0    0    0    0
 1975 2564    0    0    0    0    0    0    0    0    0    0    0    0   11    4    0    2    1    1    2    2    0    3    0    0    0    0    0    0    0    0    0    0    0    0    0
 1976 3304    0    0    0    0    0    0    0    0    0    0    0    0    0   11    3    5    1    3    3    2    3    0    1    0    1    1    0    0    0    0    0    0    0    0    0
 1977 3478    0    0    0    0    0    0    0    0    0    0    0    0    0    0   12    5    0    5    4    2    1    2    3    0    0    0    1    0    0    0    0    0    0    0    0
 1978 3165    0    0    0    0    0    0    0    0    0    0    0    0    0    0    0   15    5    2    2    0    5    3    0    0    0    1    0    0    0    0    0    0    0    0    0
 1979 3304    0    0    0    0    0    0    0    0    0    0    0    0    0    0    0    0    7    4    6    1    3    3    2    0    1    0    0    1    0    1    0    0    0    0    0   
 1980 3487    0    0    0    0    0    0    0    0    0    0    0    0    0    0    0    0    0   13    8    1    2    4    5    3    0    1    2    0    0    1    0    0    0    0    0
 1981 3939    0    0    0    0    0    0    0    0    0    0    0    0    0    0    0    0    0    0   23    2    2    3    3    3    1    0    0    0    0    0    0    0    0    0    0
 1982 2881    0    0    0    0    0    0    0    0    0    0    0    0    0    0    0    0    0    0    0   10    0    6    2    0    1    1    0    0    1    0    0    0    0    0    0
 1983 4119    0    0    0    0    0    0    0    0    0    0    0    0    0    0    0    0    0    0    0    0   19    7    6    4    0    0    2    0    0    0    1    2    0    0    1
 1984 4036    0    0    0    0    0    0    0    0    0    0    0    0    0   0    0    0    0    0    0    0    0   12    3    2    0    0    0    0    1    0    1    0    0    0    0
 1985 4867    0    0    0    0    0    0    0    0    0    0    0    0    0    0    0    0    0    0    0    0    0    0   25    2    5    2    0    2    2    2    0    0    0    0    0
 1986 4769    0    0    0    0    0    0    0    0    0    0    0    0    0    0    0    0    0    0    0    0    0    0    0   14    4    3    4    4    2    2    1    0    2    0    1
 1987 5027    0    0    0    0    0    0    0    0    0    0    0    0    0    0    0    0    0    0    0    0    0    0    0    0   14    2    1    2    2    3    0    0    3    0    0
 1988 4804    0    0    0    0    0    0    0    0    0    0    0    0    0    0    0    0    0    0    0    0    0    0    0    0    0   18    4    4    3    0    2    1    0    2    1
 1989 3632    0    0    0    0    0    0    0    0    0    0    0    0    0    0    0    0    0    0    0    0    0    0    0    0    0    0   10    4    2    4    2    2    3    1    1
 1990 4170    0     0   0    0    0    0    0    0    0    0    0    0    0    0    0    0    0    0    0    0    0    0    0    0    0    0    0    12   3    3    2    1    0    2    0
 1991 4314    0    0    0    0    0    0    0    0    0    0    0    0    0    0    0    0    0    0    0    0    0    0    0    0    0    0    0    0    9    4    6    1    0    1    0
 1992 3480    0    0     0   0    0    0    0     0   0    0    0    0    0    0    0    0    0    0    0    0    0    0    0    0    0    0    0    0    0   18    3    1    2    0    1
 1993 3689    0    0    0    0    0    0    0    0    0    0    0    0    0    0    0   0   0      0    0    0    0    0    0    0    0    0    0    0    0    0    6    5    2    2    1
 1994 3922    0    0     0   0    0    0    0    0    0    0    0    0    0    0    0    0    0    0     0    0   0    0    0    0    0    0   0     0    0    0    0   12    4    6    0
 1995 3591    0     0    0    0   0   0     0    0    0    0    0    0    0        0    0    0    0    0    0    0   0     0    0    0    0    0    0    0    0    0    0     7   5    1
 1996 4488    0    0    0    0    0    0    0    0    0    0    0    0    0    0    0    0    0    0    0    0    0    0    0    0    0    0    0    0    0    0    0    0    0    7    0
 1997 4339    0    0    0    0    0    0    0    0    0    0    0    0    0    0    0    0    0    0    0    0    0    0    0    0    0    0    0    0    0    0    0    0    0    0    5